function [wdmX, wdmY] = getCoords()
%UNTITLED Summary of this function goes here
%   Detailed explanation goes here

    wdmX = [22.5000
   18.0000
   13.5000
    9.0000
    4.5000
         0
   -4.5000
   -9.0000
  -13.5000
  -18.0000
  -22.5000
   27.0000
   22.5000
   18.0000
   13.5000
    9.0000
    4.5000
         0
   -4.5000
   -9.0000
  -13.5000
  -18.0000
  -22.5000
  -27.0000
   31.5000
   27.0000
   22.5000
   18.0000
   13.5000
    9.0000
    4.5000
         0
   -4.5000
   -9.0000
  -13.5000
  -18.0000
  -22.5000
  -27.0000
  -31.5000
   36.0000
   31.5000
   27.0000
   22.5000
   18.0000
   13.5000
    9.0000
    4.5000
         0
   -4.5000
   -9.0000
  -13.5000
  -18.0000
  -22.5000
  -27.0000
  -31.5000
  -36.0000
   40.5000
   36.0000
   31.5000
   27.0000
   22.5000
   18.0000
   13.5000
    9.0000
    4.5000
         0
   -4.5000
   -9.0000
  -13.5000
  -18.0000
  -22.5000
  -27.0000
  -31.5000
  -36.0000
  -40.5000
   40.5000
   36.0000
   31.5000
   27.0000
   22.5000
   18.0000
   13.5000
    9.0000
    4.5000
         0
   -4.5000
   -9.0000
  -13.5000
  -18.0000
  -22.5000
  -27.0000
  -31.5000
  -36.0000
  -40.5000
   45.0000
   40.5000
   36.0000
   31.5000
   27.0000
   22.5000
   18.0000
   13.5000
    9.0000
    4.5000
         0
   -4.5000
   -9.0000
  -13.5000
  -18.0000
  -22.5000
  -27.0000
  -31.5000
  -36.0000
  -40.5000
  -45.0000
   45.0000
   40.5000
   36.0000
   31.5000
   27.0000
   22.5000
   18.0000
   13.5000
    9.0000
    4.5000
         0
   -4.5000
   -9.0000
  -13.5000
  -18.0000
  -22.5000
  -27.0000
  -31.5000
  -36.0000
  -40.5000
  -45.0000
   45.0000
   40.5000
   36.0000
   31.5000
   27.0000
   22.5000
   18.0000
   13.5000
    9.0000
    4.5000
         0
   -4.5000
   -9.0000
  -13.5000
  -18.0000
  -22.5000
  -27.0000
  -31.5000
  -36.0000
  -40.5000
  -45.0000
   45.0000
   40.5000
   36.0000
   31.5000
   27.0000
   22.5000
   18.0000
   13.5000
    9.0000
    4.5000
         0
   -4.5000
   -9.0000
  -13.5000
  -18.0000
  -22.5000
  -27.0000
  -31.5000
  -36.0000
  -40.5000
  -45.0000
   45.0000
   40.5000
   36.0000
   31.5000
   27.0000
   22.5000
   18.0000
   13.5000
    9.0000
    4.5000
         0
   -4.5000
   -9.0000
  -13.5000
  -18.0000
  -22.5000
  -27.0000
  -31.5000
  -36.0000
  -40.5000
  -45.0000
   45.0000
   40.5000
   36.0000
   31.5000
   27.0000
   22.5000
   18.0000
   13.5000
    9.0000
    4.5000
         0
   -4.5000
   -9.0000
  -13.5000
  -18.0000
  -22.5000
  -27.0000
  -31.5000
  -36.0000
  -40.5000
  -45.0000
   45.0000
   40.5000
   36.0000
   31.5000
   27.0000
   22.5000
   18.0000
   13.5000
    9.0000
    4.5000
         0
   -4.5000
   -9.0000
  -13.5000
  -18.0000
  -22.5000
  -27.0000
  -31.5000
  -36.0000
  -40.5000
  -45.0000
   40.5000
   36.0000
   31.5000
   27.0000
   22.5000
   18.0000
   13.5000
    9.0000
    4.5000
         0
   -4.5000
   -9.0000
  -13.5000
  -18.0000
  -22.5000
  -27.0000
  -31.5000
  -36.0000
  -40.5000
   40.5000
   36.0000
   31.5000
   27.0000
   22.5000
   18.0000
   13.5000
    9.0000
    4.5000
         0
   -4.5000
   -9.0000
  -13.5000
  -18.0000
  -22.5000
  -27.0000
  -31.5000
  -36.0000
  -40.5000
   36.0000
   31.5000
   27.0000
   22.5000
   18.0000
   13.5000
    9.0000
    4.5000
         0
   -4.5000
   -9.0000
  -13.5000
  -18.0000
  -22.5000
  -27.0000
  -31.5000
  -36.0000
   31.5000
   27.0000
   22.5000
   18.0000
   13.5000
    9.0000
    4.5000
         0
   -4.5000
   -9.0000
  -13.5000
  -18.0000
  -22.5000
  -27.0000
  -31.5000
   27.0000
   22.5000
   18.0000
   13.5000
    9.0000
    4.5000
         0
   -4.5000
   -9.0000
  -13.5000
  -18.0000
  -22.5000
  -27.0000
   22.5000
   18.0000
   13.5000
    9.0000
    4.5000
         0
   -4.5000
   -9.0000
  -13.5000
  -18.0000
  -22.5000
   13.5000
    9.0000
    4.5000
         0
   -4.5000
   -9.0000
  -13.5000];

    wdmY = [40.5000
   40.5000
   40.5000
   40.5000
   40.5000
   40.5000
   40.5000
   40.5000
   40.5000
   40.5000
   40.5000
   36.0000
   36.0000
   36.0000
   36.0000
   36.0000
   36.0000
   36.0000
   36.0000
   36.0000
   36.0000
   36.0000
   36.0000
   36.0000
   31.5000
   31.5000
   31.5000
   31.5000
   31.5000
   31.5000
   31.5000
   31.5000
   31.5000
   31.5000
   31.5000
   31.5000
   31.5000
   31.5000
   31.5000
   27.0000
   27.0000
   27.0000
   27.0000
   27.0000
   27.0000
   27.0000
   27.0000
   27.0000
   27.0000
   27.0000
   27.0000
   27.0000
   27.0000
   27.0000
   27.0000
   27.0000
   22.5000
   22.5000
   22.5000
   22.5000
   22.5000
   22.5000
   22.5000
   22.5000
   22.5000
   22.5000
   22.5000
   22.5000
   22.5000
   22.5000
   22.5000
   22.5000
   22.5000
   22.5000
   22.5000
   18.0000
   18.0000
   18.0000
   18.0000
   18.0000
   18.0000
   18.0000
   18.0000
   18.0000
   18.0000
   18.0000
   18.0000
   18.0000
   18.0000
   18.0000
   18.0000
   18.0000
   18.0000
   18.0000
   13.5000
   13.5000
   13.5000
   13.5000
   13.5000
   13.5000
   13.5000
   13.5000
   13.5000
   13.5000
   13.5000
   13.5000
   13.5000
   13.5000
   13.5000
   13.5000
   13.5000
   13.5000
   13.5000
   13.5000
   13.5000
    9.0000
    9.0000
    9.0000
    9.0000
    9.0000
    9.0000
    9.0000
    9.0000
    9.0000
    9.0000
    9.0000
    9.0000
    9.0000
    9.0000
    9.0000
    9.0000
    9.0000
    9.0000
    9.0000
    9.0000
    9.0000
    4.5000
    4.5000
    4.5000
    4.5000
    4.5000
    4.5000
    4.5000
    4.5000
    4.5000
    4.5000
    4.5000
    4.5000
    4.5000
    4.5000
    4.5000
    4.5000
    4.5000
    4.5000
    4.5000
    4.5000
    4.5000
         0
         0
         0
         0
         0
         0
         0
         0
         0
         0
         0
         0
         0
         0
         0
         0
         0
         0
         0
         0
         0
   -4.5000
   -4.5000
   -4.5000
   -4.5000
   -4.5000
   -4.5000
   -4.5000
   -4.5000
   -4.5000
   -4.5000
   -4.5000
   -4.5000
   -4.5000
   -4.5000
   -4.5000
   -4.5000
   -4.5000
   -4.5000
   -4.5000
   -4.5000
   -4.5000
   -9.0000
   -9.0000
   -9.0000
   -9.0000
   -9.0000
   -9.0000
   -9.0000
   -9.0000
   -9.0000
   -9.0000
   -9.0000
   -9.0000
   -9.0000
   -9.0000
   -9.0000
   -9.0000
   -9.0000
   -9.0000
   -9.0000
   -9.0000
   -9.0000
  -13.5000
  -13.5000
  -13.5000
  -13.5000
  -13.5000
  -13.5000
  -13.5000
  -13.5000
  -13.5000
  -13.5000
  -13.5000
  -13.5000
  -13.5000
  -13.5000
  -13.5000
  -13.5000
  -13.5000
  -13.5000
  -13.5000
  -13.5000
  -13.5000
  -18.0000
  -18.0000
  -18.0000
  -18.0000
  -18.0000
  -18.0000
  -18.0000
  -18.0000
  -18.0000
  -18.0000
  -18.0000
  -18.0000
  -18.0000
  -18.0000
  -18.0000
  -18.0000
  -18.0000
  -18.0000
  -18.0000
  -22.5000
  -22.5000
  -22.5000
  -22.5000
  -22.5000
  -22.5000
  -22.5000
  -22.5000
  -22.5000
  -22.5000
  -22.5000
  -22.5000
  -22.5000
  -22.5000
  -22.5000
  -22.5000
  -22.5000
  -22.5000
  -22.5000
  -27.0000
  -27.0000
  -27.0000
  -27.0000
  -27.0000
  -27.0000
  -27.0000
  -27.0000
  -27.0000
  -27.0000
  -27.0000
  -27.0000
  -27.0000
  -27.0000
  -27.0000
  -27.0000
  -27.0000
  -31.5000
  -31.5000
  -31.5000
  -31.5000
  -31.5000
  -31.5000
  -31.5000
  -31.5000
  -31.5000
  -31.5000
  -31.5000
  -31.5000
  -31.5000
  -31.5000
  -31.5000
  -36.0000
  -36.0000
  -36.0000
  -36.0000
  -36.0000
  -36.0000
  -36.0000
  -36.0000
  -36.0000
  -36.0000
  -36.0000
  -36.0000
  -36.0000
  -40.5000
  -40.5000
  -40.5000
  -40.5000
  -40.5000
  -40.5000
  -40.5000
  -40.5000
  -40.5000
  -40.5000
  -40.5000
  -45.0000
  -45.0000
  -45.0000
  -45.0000
  -45.0000
  -45.0000
  -45.0000];

end

