function [wdmX, wdmY] = getCoords()
%UNTITLED Summary of this function goes here
%   Detailed explanation goes here

   wdmX = [-27
-22.5
-18
-13.5
-9
-4.5
0
4.5
9
13.5
18
22.5
27
-31.5
-27
-22.5
-18
-13.5
-9
-4.5
0
4.5
9
13.5
18
22.5
27
31.5
-36
-31.5
-27
-22.5
-18
-13.5
-9
-4.5
0
4.5
9
13.5
18
22.5
27
31.5
36
-36
-31.5
-27
-22.5
-18
-13.5
-9
-4.5
0
4.5
9
13.5
18
22.5
27
31.5
36
-36
-31.5
-27
-22.5
-18
-13.5
-9
-4.5
0
4.5
9
13.5
18
22.5
27
31.5
36
-36
-31.5
-27
-22.5
-18
-13.5
-9
-4.5
0
4.5
9
13.5
18
22.5
27
31.5
36
-36
-31.5
-27
-22.5
-18
-13.5
-9
-4.5
0
4.5
9
13.5
18
22.5
27
31.5
36
-36
-31.5
-27
-22.5
-18
-13.5
-9
-4.5
0
4.5
9
13.5
18
22.5
27
31.5
36
-36
-31.5
-27
-22.5
-18
-13.5
-9
-4.5
0
4.5
9
13.5
18
22.5
27
31.5
36
-36
-31.5
-27
-22.5
-18
-13.5
-9
-4.5
0
4.5
9
13.5
18
22.5
27
31.5
36
-36
-31.5
-27
-22.5
-18
-13.5
-9
-4.5
0
4.5
9
13.5
18
22.5
27
31.5
36
-36
-31.5
-27
-22.5
-18
-13.5
-9
-4.5
0
4.5
9
13.5
18
22.5
27
31.5
36
-36
-31.5
-27
-22.5
-18
-13.5
-9
-4.5
0
4.5
9
13.5
18
22.5
27
31.5
36
-36
-31.5
-27
-22.5
-18
-13.5
-9
-4.5
0
4.5
9
13.5
18
22.5
27
31.5
36
-36
-31.5
-27
-22.5
-18
-13.5
-9
-4.5
0
4.5
9
13.5
18
22.5
27
31.5
36
-31.5
-27
-22.5
-18
-13.5
-9
-4.5
0
4.5
9
13.5
18
22.5
27
31.5
-27
-22.5
-18
-13.5
-9
-4.5
0
4.5
9
13.5
18
22.5
27];
    
    %wdmY = [-13.5000000000000;-18;-22.5000000000000;-27;-31.5000000000000;-36;-4.50000000000000;-9;0;13.5000000000000;18;22.5000000000000;27;31.5000000000000;36;4.50000000000000;9;-13.5000000000000;-18;-22.5000000000000;-27;-4.50000000000000;-9;0;13.5000000000000;18;22.5000000000000;27;4.50000000000000;9;-13.5000000000000;-18;-22.5000000000000;-27;-31.5000000000000;-36;-4.50000000000000;-9;0;13.5000000000000;18;22.5000000000000;27;31.5000000000000;36;4.50000000000000;9;-13.5000000000000;-18;-22.5000000000000;-27;-31.5000000000000;-36;-4.50000000000000;-9;0;13.5000000000000;18;22.5000000000000;27;31.5000000000000;36;4.50000000000000;9;-13.5000000000000;-18;-22.5000000000000;-27;-31.5000000000000;-36;-4.50000000000000;-9;0;13.5000000000000;18;22.5000000000000;27;31.5000000000000;36;4.50000000000000;9;-13.5000000000000;-18;-22.5000000000000;-27;-31.5000000000000;-36;-4.50000000000000;-9;0;13.5000000000000;18;22.5000000000000;27;31.5000000000000;36;4.50000000000000;9;-13.5000000000000;-18;-22.5000000000000;-27;-31.5000000000000;-36;-4.50000000000000;-9;0;13.5000000000000;18;22.5000000000000;27;31.5000000000000;36;4.50000000000000;9;-13.5000000000000;-18;-22.5000000000000;-27;-31.5000000000000;-36;-4.50000000000000;-9;0;13.5000000000000;18;22.5000000000000;27;31.5000000000000;36;4.50000000000000;9;-13.5000000000000;-18;-22.5000000000000;-27;-31.5000000000000;-4.50000000000000;-9;0;13.5000000000000;18;22.5000000000000;27;31.5000000000000;4.50000000000000;9;-13.5000000000000;-18;-22.5000000000000;-27;-31.5000000000000;-36;-4.50000000000000;-9;0;13.5000000000000;18;22.5000000000000;27;31.5000000000000;36;4.50000000000000;9;-13.5000000000000;-18;-22.5000000000000;-27;-31.5000000000000;-36;-4.50000000000000;-9;0;13.5000000000000;18;22.5000000000000;27;31.5000000000000;36;4.50000000000000;9;-13.5000000000000;-18;-22.5000000000000;-27;-31.5000000000000;-4.50000000000000;-9;0;13.5000000000000;18;22.5000000000000;27;31.5000000000000;4.50000000000000;9;-13.5000000000000;-18;-22.5000000000000;-27;-4.50000000000000;-9;0;13.5000000000000;18;22.5000000000000;27;4.50000000000000;9;-13.5000000000000;-18;-22.5000000000000;-27;-31.5000000000000;-36;-4.50000000000000;-9;0;13.5000000000000;18;22.5000000000000;27;31.5000000000000;36;4.50000000000000;9;-13.5000000000000;-18;-22.5000000000000;-27;-31.5000000000000;-36;-4.50000000000000;-9;0;13.5000000000000;18;22.5000000000000;27;31.5000000000000;36;4.50000000000000;9;-13.5000000000000;-18;-22.5000000000000;-27;-31.5000000000000;-36;-4.50000000000000;-9;0;13.5000000000000;18;22.5000000000000;27;31.5000000000000;36;4.50000000000000;9;-13.5000000000000;-18;-22.5000000000000;-27;-31.5000000000000;-36;-4.50000000000000;-9;0;13.5000000000000;18;22.5000000000000;27;31.5000000000000;36;4.50000000000000;9];

    wdmY = [-36
-36
-36
-36
-36
-36
-36
-36
-36
-36
-36
-36
-36
-31.5
-31.5
-31.5
-31.5
-31.5
-31.5
-31.5
-31.5
-31.5
-31.5
-31.5
-31.5
-31.5
-31.5
-31.5
-27
-27
-27
-27
-27
-27
-27
-27
-27
-27
-27
-27
-27
-27
-27
-27
-27
-22.5
-22.5
-22.5
-22.5
-22.5
-22.5
-22.5
-22.5
-22.5
-22.5
-22.5
-22.5
-22.5
-22.5
-22.5
-22.5
-22.5
-18
-18
-18
-18
-18
-18
-18
-18
-18
-18
-18
-18
-18
-18
-18
-18
-18
-13.5
-13.5
-13.5
-13.5
-13.5
-13.5
-13.5
-13.5
-13.5
-13.5
-13.5
-13.5
-13.5
-13.5
-13.5
-13.5
-13.5
-9
-9
-9
-9
-9
-9
-9
-9
-9
-9
-9
-9
-9
-9
-9
-9
-9
-4.5
-4.5
-4.5
-4.5
-4.5
-4.5
-4.5
-4.5
-4.5
-4.5
-4.5
-4.5
-4.5
-4.5
-4.5
-4.5
-4.5
0
0
0
0
0
0
0
0
0
0
0
0
0
0
0
0
0
4.5
4.5
4.5
4.5
4.5
4.5
4.5
4.5
4.5
4.5
4.5
4.5
4.5
4.5
4.5
4.5
4.5
9
9
9
9
9
9
9
9
9
9
9
9
9
9
9
9
9
13.5
13.5
13.5
13.5
13.5
13.5
13.5
13.5
13.5
13.5
13.5
13.5
13.5
13.5
13.5
13.5
13.5
18
18
18
18
18
18
18
18
18
18
18
18
18
18
18
18
18
22.5
22.5
22.5
22.5
22.5
22.5
22.5
22.5
22.5
22.5
22.5
22.5
22.5
22.5
22.5
22.5
22.5
27
27
27
27
27
27
27
27
27
27
27
27
27
27
27
27
27
31.5
31.5
31.5
31.5
31.5
31.5
31.5
31.5
31.5
31.5
31.5
31.5
31.5
31.5
31.5
36
36
36
36
36
36
36
36
36
36
36
36
36];

end

